49 64
6 76
5 0
2 1
1 0 21 2 0
5 1
5 1
3 2 2
3 0 0
4 1
6 74
3 0 2
3 0 0
5 2
5 1
5 1
5 2
2 1
1 0 58 25 0
4 1
3 2 2
5 2
1 2 45 1 1
1 2 16 25 0
1 0 53 13 0
6 1
2 1
1 0 10 21 0
2 0
4 2
5 1
2 0
1 2 17 10 1
3 2 2
1 0 71 39 0
5 2
4 0
2 2
4 2
1 0 2 45 0
2 1
4 2
6 3
3 2 2
1 2 59 33 0
4 0
4 0
4 2
2 0
1 0 63 32 1
3 0 0
4 2
2 2
3 2 1
3 0 1
4 2
4 1
5 2
1 0 65 5 0
5 2
3 2 2
5 2
5 1
5 1
1 2 8 26 1
2 2
6 37
1 0 39 35 1
4 1
1 2 68 47 0
6 83
2 1
4 0
6 98
2 1
1 0 28 32 1
4 0
5 1
6 76
5 1
2 0
6 64
2 2
1 0 64 17 1
4 1
2 1
3 0 2
1 0 1 9 1
5 1
2 1
4 1
5 1
6 96
6 75
2 1
4 2
3 0 2
2 1
6 51
1 0 58 32 1
6 95
2 2
4 2
