57 92
6 73
5 1
2 2
6 96
2 0
5 1
6 92
6 34
4 2
2 0
3 0 2
4 0
5 2
1 0 59 6 0
6 74
4 2
1 2 19 38 1
1 0 12 43 1
2 2
5 0
1 2 49 48 1
1 0 84 49 1
3 2 2
2 2
6 15
5 2
2 2
4 0
1 2 75 35 1
3 2 1
2 2
1 0 53 14 1
6 2
6 33
1 0 17 24 0
2 0
2 2
2 1
1 0 53 41 1
4 2
3 2 0
2 0
3 0 2
3 0 1
1 0 68 37 1
1 0 41 46 0
2 0
6 40
3 2 1
4 1
2 2
1 2 42 49 1
2 1
5 2
3 0 2
1 0 40 8 1
3 2 2
3 2 2
2 0
2 2
4 0
5 0
5 2
4 1
2 2
6 16
5 0
3 2 2
5 2
4 1
6 65
1 0 63 33 1
5 2
2 0
5 0
5 0
1 0 74 11 1
4 2
4 2
4 2
1 2 30 10 1
3 2 2
3 2 1
3 2 1
6 93
1 2 31 18 1
3 2 0
2 2
6 31
3 0 0
5 2
6 24
3 2 0
4 2
5 2
5 1
6 98
4 2
3 2 2
3 2 0
3 2 1
2 2
5 0
1 0 81 3 1