1 16470 Farstvedt 912069
1 37328 Zielonka 949905
1 19708 Burgert 934058
1 23551 Hotard 944643
1 74434 Tatum 945570
1 3246 Annetta 934353
1 72094 Larke 976726
1 28262 Perrish 975596
1 25961 Vanaken 923756
1 85618 Kalloch 926260
1 70391 Sedor 984066
1 75845 Monnett 994630
1 89936 Tourville 949131
1 80897 Maciej 942759
1 90516 Faichtinger 916576
1 93259 Mulzer 913829
1 36948 Murdoch 910109
1 73870 Javier 913640
1 65470 Litzau 988453
1 3912 Entriken 989632
1 74836 Peranio 924383
1 97870 Glebocki 924767
1 83528 Mediano 942445
1 71085 Wittner 987433
1 70317 Joslin 957071
1 9923 Justin 916869
1 6548 Shoener 912938
1 88750 Kozan 917911
1 83038 Badlam 950524
1 17784 Booten 989063
1 87669 Malaspina 951267
1 33438 Kamienski 926849
1 31505 Mozga 957116
1 78749 Lilli 947610
1 29048 Lupkes 925018
1 36175 Gammel 936840
1 98648 Raught 919315
1 65230 Sabin 975513
1 58188 Gaisford 961473
1 56007 Kear 980273
1 14125 Kastens 919389
1 79350 Testolin 976995
1 25043 Cermeno 984186
1 82378 Ringrose 971469
1 60561 Vassey 987739
1 82711 Wareheim 972638
1 18080 Spang 932479
1 43256 Clavey 999559
1 90509 Leola 925070
1 81290 Billing 918232
1 26149 Dicorpo 967309
1 84761 Diddle 946716
1 47317 Kellaway 979918
1 81295 Zukoski 945130
1 99117 Kamuda 962889
1 23021 Wernimont 929753
1 30472 Continenza 936364
1 23544 Favia 989924
1 30571 Ankersen 989861
1 87081 Jackelyn 963654
1 72012 Parmenter 970911
1 66863 Trouser 945338
1 19263 Krolick 915762
1 94035 Danille 962032
1 32441 Doggette 924490
1 66977 Bouknight 988209
1 87880 Aber 965720
1 95903 Okumura 913020
1 59182 Wicklin 992611
1 10087 Pooser 928151
1 24823 Walrond 960893
1 66421 Sprake 951425
1 15750 Jolyn 942643
1 18417 Kantor 991539
1 75088 Westenberger 997121
1 82721 Lewey 915298
1 8490 Waldroop 911989
1 45864 Gorr 935179
1 28545 Kettman 972210
1 51364 Allgaeuer 966828
1 21964 Chadwick 965377
1 82148 Fitcheard 972350
1 39405 Zarriello 959920
5 309
7 Y
8
3 910109
4 629
4 268
8
1 98607 Holyoke 949724
4 541
7 O
7 E
7 F
4 627
8
5 491
5 757
6 Ankersen
2 65230
6 Ringrose
2 93259
2 28262
8
4 284
2 43256
1 65296 Mazierski 985871
3 924767
8
3 924490
6 Walrond
2 19263
7 J
8
7 L
5 839
6 Tourville
8
1 57697 Sistek 943160
8
2 87081
8
8
8
5 54
2 82378
6 Cermeno
8
6 Booten
7 B
6 Dicorpo
6 Vassey
4 401
7 K
4 57
2 88750
2 30571
3 946716
8
1 80641 Arredla 978113
4 244
1 56323 Mah 977546
6 Kastens
6 Allgaeuer
7 T
6 Aber
6 Kellaway
2 18080

